2.26914140111854e-06
-2.26914140111854e-06
4.53828280223709e-06
-2.26914140111853e-06
4.53828280223708e-06
2.26914140111853e-06
2.26914140111854e-06
-2.26914140111854e-06
4.53828280223708e-06
-2.26914140111853e-06
4.53828280223708e-06
2.26914140111853e-06
2.26914140111853e-06
-2.26914140111853e-06
4.53828280223709e-06
-2.26914140111854e-06
4.53828280223709e-06
2.26914140111854e-06
2.26914140111853e-06
-2.26914140111853e-06
2.26914140111854e-06
-2.26914140111854e-06
4.53828280223709e-06
-2.26914140111853e-06
4.53828280223708e-06
2.26914140111853e-06
2.26914140111854e-06
-2.26914140111854e-06
4.53828280223708e-06
-2.26914140111853e-06
4.53828280223708e-06
2.26914140111853e-06
2.26914140111853e-06
-2.26914140111853e-06
4.53828280223709e-06
-2.26914140111854e-06
4.53828280223709e-06
2.26914140111854e-06
2.26914140111853e-06
-2.26914140111853e-06
2.26914140111854e-06
-2.26914140111854e-06
4.53828280223709e-06
-2.26914140111853e-06
4.53828280223708e-06
2.26914140111853e-06
2.26914140111854e-06
-2.26914140111854e-06
4.53828280223708e-06
-2.26914140111853e-06
4.53828280223708e-06
2.26914140111853e-06
2.26914140111853e-06
-2.26914140111853e-06
4.53828280223709e-06
-2.26914140111854e-06
4.53828280223709e-06
2.26914140111854e-06
2.26914140111853e-06
-2.26914140111853e-06
2.26914140111854e-06
-2.26914140111854e-06
4.53828280223709e-06
-2.26914140111853e-06
4.53828280223708e-06
2.26914140111853e-06
2.26914140111854e-06
-2.26914140111854e-06
4.53828280223708e-06
-2.26914140111853e-06
4.53828280223708e-06
2.26914140111853e-06
2.26914140111853e-06
-2.26914140111853e-06
4.53828280223708e-06
-2.26914140111854e-06
4.53828280223709e-06
2.26914140111854e-06
2.26914140111853e-06
-2.26914140111853e-06
2.26914140111854e-06
-2.26914140111854e-06
4.53828280223709e-06
-2.26914140111853e-06
4.53828280223708e-06
2.26914140111853e-06
2.26914140111854e-06
-2.26914140111854e-06
4.53828280223708e-06
-2.26914140111853e-06
4.53828280223708e-06
2.26914140111853e-06
2.26914140111853e-06
-2.26914140111853e-06
4.53828280223709e-06
-2.26914140111854e-06
4.53828280223709e-06
2.26914140111854e-06
2.26914140111853e-06
-2.26914140111853e-06
2.26914140111854e-06
-2.26914140111854e-06
4.53828280223709e-06
-2.26914140111853e-06
4.53828280223708e-06
2.26914140111853e-06
2.26914140111854e-06
-2.26914140111854e-06
4.53828280223708e-06
-2.26914140111853e-06
4.53828280223708e-06
2.26914140111853e-06
2.26914140111853e-06
-2.26914140111853e-06
4.53828280223709e-06
-2.26914140111854e-06
4.53828280223709e-06
2.26914140111854e-06
2.26914140111853e-06
-2.26914140111853e-06
2.26914140111854e-06
-2.26914140111854e-06
4.53828280223709e-06
-2.26914140111853e-06
4.53828280223708e-06
2.26914140111853e-06
2.26914140111854e-06
-2.26914140111854e-06
4.53828280223708e-06
-2.26914140111853e-06
4.53828280223708e-06
2.26914140111853e-06
2.26914140111853e-06
-2.26914140111853e-06
4.53828280223709e-06
-2.26914140111854e-06
4.53828280223709e-06
2.26914140111854e-06
2.26914140111853e-06
-2.26914140111853e-06
2.26914140111854e-06
-2.26914140111854e-06
4.53828280223709e-06
-2.26914140111853e-06
4.53828280223708e-06
2.26914140111853e-06
2.26914140111854e-06
-2.26914140111854e-06
4.53828280223708e-06
-2.26914140111853e-06
4.53828280223708e-06
2.26914140111853e-06
2.26914140111853e-06
-2.26914140111853e-06
4.53828280223709e-06
-2.26914140111854e-06
4.53828280223709e-06
2.26914140111854e-06
2.26914140111853e-06
-2.26914140111853e-06
2.26914140111854e-06
-2.26914140111854e-06
4.53828280223709e-06
-2.26914140111853e-06
4.53828280223708e-06
2.26914140111853e-06
2.26914140111854e-06
-2.26914140111854e-06
4.53828280223708e-06
-2.26914140111853e-06
4.53828280223708e-06
2.26914140111853e-06
2.26914140111853e-06
-2.26914140111853e-06
4.53828280223709e-06
-2.26914140111854e-06
4.53828280223709e-06
2.26914140111854e-06
2.26914140111853e-06
-2.26914140111853e-06
2.26914140111854e-06
-2.26914140111854e-06
4.53828280223709e-06
-2.26914140111853e-06
4.53828280223708e-06
2.26914140111853e-06
2.26914140111854e-06
-2.26914140111854e-06
4.53828280223708e-06
-2.26914140111853e-06
4.53828280223708e-06
2.26914140111853e-06
2.26914140111853e-06
-2.26914140111853e-06
4.53828280223709e-06
-2.26914140111854e-06
4.53828280223709e-06
2.26914140111854e-06
2.26914140111853e-06
-2.26914140111853e-06
2.26914140111854e-06
-2.26914140111854e-06
4.53828280223709e-06
-2.26914140111853e-06
4.53828280223708e-06
2.26914140111853e-06
2.26914140111854e-06
-2.26914140111854e-06
4.53828280223708e-06
-2.26914140111853e-06
4.53828280223708e-06
2.26914140111853e-06
2.26914140111853e-06
-2.26914140111853e-06
4.53828280223709e-06
-2.26914140111854e-06
4.53828280223709e-06
2.26914140111854e-06
2.26914140111853e-06
-2.26914140111853e-06
2.26914140111854e-06
4.53828280223708e-06
-2.26914140111853e-06
4.53828280223708e-06
2.26914140111854e-06
4.53828280223708e-06
-2.26914140111853e-06
4.53828280223708e-06
2.26914140111853e-06
4.53828280223708e-06
-2.26914140111854e-06
4.53828280223709e-06
2.26914140111853e-06
