1.73298775729412e-07
1.73298775729413e-07
1.73298775729409e-07
1.73298775729412e-07
1.7329877572941e-07
1.73298775729412e-07
1.73298775729409e-07
1.73298775729412e-07
1.73298775729411e-07
1.73298775729409e-07
1.73298775729413e-07
1.73298775729413e-07
1.73298775729414e-07
1.73298775729412e-07
1.73298775729409e-07
1.73298775729412e-07
1.73298775729411e-07
1.73298775729409e-07
1.73298775729412e-07
1.7329877572941e-07
1.73298775729411e-07
1.73298775729413e-07
1.73298775729411e-07
1.73298775729413e-07
1.73298775729409e-07
1.73298775729413e-07
1.73298775729409e-07
1.73298775729412e-07
1.73298775729411e-07
1.7329877572941e-07
1.73298775729412e-07
1.7329877572941e-07
1.73298775729411e-07
1.73298775729412e-07
1.73298775729411e-07
1.73298775729411e-07
1.73298775729412e-07
1.73298775729411e-07
1.7329877572941e-07
1.73298775729412e-07
1.7329877572941e-07
1.73298775729411e-07
1.73298775729412e-07
1.73298775729411e-07
1.73298775729412e-07
1.73298775729413e-07
1.73298775729409e-07
1.73298775729412e-07
1.73298775729412e-07
1.73298775729411e-07
1.73298775729412e-07
1.73298775729413e-07
1.73298775729411e-07
1.73298775729412e-07
1.73298775729411e-07
1.73298775729411e-07
1.73298775729412e-07
1.73298775729411e-07
1.73298775729411e-07
1.73298775729412e-07
1.73298775729411e-07
1.73298775729412e-07
1.73298775729412e-07
1.73298775729411e-07
1.73298775729411e-07
1.73298775729412e-07
1.73298775729411e-07
1.73298775729412e-07
1.7329877572941e-07
1.73298775729412e-07
1.73298775729411e-07
1.73298775729412e-07
1.73298775729412e-07
1.73298775729411e-07
1.73298775729411e-07
1.73298775729412e-07
1.73298775729411e-07
1.73298775729412e-07
1.73298775729411e-07
1.73298775729412e-07
1.73298775729412e-07
1.73298775729412e-07
1.73298775729412e-07
1.73298775729412e-07
1.73298775729412e-07
1.73298775729411e-07
1.73298775729411e-07
1.73298775729412e-07
1.73298775729411e-07
1.73298775729412e-07
1.73298775729411e-07
1.73298775729412e-07
1.73298775729411e-07
1.73298775729412e-07
1.73298775729411e-07
1.73298775729412e-07
1.73298775729411e-07
1.73298775729412e-07
1.73298775729411e-07
1.73298775729412e-07
1.73298775729411e-07
1.73298775729412e-07
1.73298775729411e-07
1.73298775729412e-07
1.73298775729412e-07
1.73298775729413e-07
1.73298775729412e-07
1.73298775729411e-07
1.73298775729411e-07
1.73298775729412e-07
1.73298775729411e-07
1.73298775729412e-07
1.73298775729411e-07
1.73298775729412e-07
1.73298775729411e-07
1.73298775729411e-07
1.73298775729412e-07
1.73298775729412e-07
1.73298775729411e-07
1.73298775729412e-07
1.73298775729411e-07
1.73298775729411e-07
1.73298775729412e-07
1.73298775729412e-07
1.73298775729411e-07
1.73298775729412e-07
1.73298775729411e-07
1.73298775729411e-07
1.73298775729411e-07
1.73298775729411e-07
1.7329877572941e-07
1.73298775729413e-07
1.73298775729411e-07
1.73298775729413e-07
1.73298775729411e-07
1.73298775729411e-07
1.73298775729412e-07
1.73298775729411e-07
1.7329877572941e-07
1.73298775729411e-07
1.73298775729411e-07
1.73298775729412e-07
1.73298775729411e-07
1.73298775729412e-07
1.73298775729412e-07
1.73298775729411e-07
1.73298775729411e-07
1.73298775729412e-07
1.7329877572941e-07
1.73298775729411e-07
1.73298775729411e-07
1.73298775729412e-07
1.73298775729411e-07
1.7329877572941e-07
1.73298775729411e-07
1.7329877572941e-07
1.73298775729413e-07
1.7329877572941e-07
1.7329877572941e-07
1.73298775729413e-07
1.7329877572941e-07
1.73298775729413e-07
1.7329877572941e-07
1.73298775729412e-07
1.7329877572941e-07
1.73298775729412e-07
1.7329877572941e-07
1.73298775729413e-07
1.73298775729412e-07
1.73298775729415e-07
1.73298775729408e-07
1.73298775729413e-07
1.73298775729411e-07
1.73298775729411e-07
1.73298775729412e-07
1.7329877572941e-07
1.73298775729411e-07
1.73298775729411e-07
1.73298775729412e-07
1.7329877572941e-07
1.73298775729411e-07
1.73298775729411e-07
1.73298775729411e-07
1.73298775729413e-07
1.7329877572941e-07
1.73298775729412e-07
1.73298775729409e-07
1.73298775729413e-07
1.7329877572941e-07
1.73298775729412e-07
1.73298775729409e-07
1.73298775729412e-07
1.73298775729411e-07
1.73298775729412e-07
1.73298775729411e-07
